((("__" .
   [4 0])
  ("math" .
   [1 0 0 0])
  ("val" .
   [4 0 0])
  ("best" .
   [3 0 0 0])
  ("1000000" .
   [1 0 0 0 0 0 0])
  ("else" .
   [2 0 0 0])
  ("str" .
   [7 0 0])
  ("10000" .
   [1 0 0 0 0])
  ("sqrt" .
   [2 0 0 0])
  ("import" .
   [2 0 0 0 0 0])
  ("prime_factors" .
   [0 0 0 0 0 0 1 0 0 0 0 0 1])
  ("if" .
   [11 0])
  ("range" .
   [6 0 0 0 0])
  ("return" .
   [2 0 0 0 0 0])
  ("print" .
   [10 0 0 0 0])
  ("and" .
   [9 0 0])
  ("while" .
   [2 0 0 0 0])
  ("len" .
   [10 0 0])
  ("1000" .
   [1 0 0 0])
  ("gen_primes" .
   [0 0 0 0 0 0 1 0 0 0])
  ("primes" .
   [9 0 0 0 0 0])
  ("def" .
   [1 0 0])
  ("int" .
   [8 0 0])
  ("append" .
   [1 0 0 0 1 0])
  ("split" .
   [4 0 0 0 0])
  ("for" .
   [15 0 0])
  ("nums" .
   [3 0 0 0])
  ("open" .
   [2 0 0 0])
  ("from" .
   [2 0 0 0])
  ("exit" .
   [3 0 0 0])
  ("defun" .
   [0 0 0 1 0])
  ("public" .
   [1 0 0 0 0 0])
  ("static" .
   [0 0 0 0 1 0])
  ("void" .
   [0 0 0 1])
  ("line" .
   [2 0 0 0])
  ("strip" .
   [1 0 0 0 0])
  ("each" .
   [5 0 0 0])
  ("in" .
   [6 0])
  ("tot" .
   [29 0 0])
  ("index" .
   [3 0 0 0 0])
  ("remove" .
   [1 0 0 0 0 0])
  ("join" .
   [1 0 0 0])
  ("list" .
   [1 0 0 0])
  ("not" .
   [1 0 0])
  ("extend" .
   [1 0 0 0 0 0])
  ("sorted" .
   [1 0 0 0 0 0])
  ("key" .
   [1 0 0])
  ("lambda" .
   [1 0 0 0 0 0])
  ("false" .
   [3 0 0 0 0])
  ("TRUE" .
   [0 0 0 3])
  ("true" .
   [16 0 0 1])
  ("Array" .
   [1 0 0 0 0])
  ("333" .
   [1 0 0])
  ("peanut" .
   [6 0 0 1 1 0])
  ("jelly" .
   [7 0 0 0 0])
  ("butter" .
   [6 0 0 0 0 0])
  ("nil" .
   [6 0 1])
  ("p" .
   [1])
  ("last" .
   [3 0 0 0])
  ("first" .
   [3 0 1 0 0])
  ("add-to-list" .
   [0 0 0 0 0 0 0 0 0 0 1])
  ("load-path" .
   [0 0 0 0 0 0 0 0 1])
  ("load-library" .
   [0 0 0 0 0 0 0 1 0 0 0 0])
  ("Hash" .
   [1 0 0 0])
  ("require" .
   [0 0 0 1 0 0 0])
  ("package" .
   [0 0 0 0 1 0 0])
  ("AboutRegularExpressions" .
   [0 0 1 0 0 0 0 0 0 0 0 0 0 0 0 0 0 0 0 0 0 0 0])
  ("assert_equal" .
   [0 0 0 0 0 0 0 1 0 0 0 0])))
